0 0.110619 0.113951 0.061947 0.100106
0 0.190634 0.116081 0.080383 0.108626
0 0.279867 0.104899 0.077434 0.111821
0 0.363938 0.126731 0.073009 0.106496
0 0.445059 0.144835 0.070059 0.095847
0 0.524705 0.127263 0.078909 0.111821
0 0.617257 0.134718 0.066372 0.096912
0 0.713496 0.126198 0.095133 0.13099
0 0.801991 0.13525 0.077434 0.121406
0 0.88385 0.137913 0.077434 0.109691
0 0.076696 0.289137 0.082596 0.105431
0 0.115413 0.569755 0.074484 0.089457
0 0.1191 0.697551 0.086283 0.102236
0 0.114676 0.820554 0.073009 0.092652
2 0.595501 0.531416 0.04056 0.061768
2 0.621313 0.580405 0.04056 0.053248
2 0.560472 0.563365 0.044248 0.061768
2 0.580752 0.614483 0.04056 0.057508
2 0.503687 0.604366 0.033923 0.047923
2 0.525811 0.654952 0.033923 0.048988
2 0.472714 0.632055 0.033923 0.045793
2 0.494838 0.684239 0.030973 0.047923
2 0.44174 0.660809 0.030973 0.043663
2 0.463127 0.711395 0.032448 0.046858
2 0.374631 0.535144 0.029499 0.037274
2 0.35767 0.49787 0.022124 0.037274