0 0.100083 0.155951 0.062862 0.082079
0 0.078577 0.30301 0.094293 0.121751
0 0.082713 0.458276 0.097601 0.123119
0 0.080645 0.611491 0.052109 0.090287
0 0.051696 0.70383 0.065343 0.077975
0 0.049214 0.816005 0.070306 0.080711
0 0.31555 0.083447 0.062035 0.079343
0 0.30273 0.194938 0.069479 0.080711
0 0.313482 0.307798 0.072787 0.082079
0 0.291977 0.511628 0.064516 0.087551
0 0.278329 0.629275 0.076923 0.084815
0 0.314723 0.738714 0.073615 0.082079
0 0.216294 0.828317 0.047146 0.113543
0 0.320099 0.849521 0.064516 0.114911
0 0.646402 0.160055 0.062035 0.073871
0 0.638544 0.266758 0.057899 0.073871
0 0.629859 0.370041 0.063689 0.069767
0 0.591811 0.475376 0.057072 0.097127
0 0.61373 0.586183 0.071133 0.083447
0 0.605045 0.777018 0.063689 0.084815
0 0.605873 0.900137 0.062035 0.093023
0 0.674938 0.902873 0.059553 0.073871
0 0.853184 0.060876 0.070306 0.088919
0 0.825889 0.174419 0.073615 0.077975
0 0.862696 0.264706 0.069479 0.077975
0 0.865591 0.387141 0.063689 0.101231
0 0.830438 0.529412 0.08933 0.082079
0 0.872208 0.636799 0.076923 0.077975
0 0.875517 0.750342 0.058726 0.080711
0 0.873863 0.902189 0.052109 0.108071
0 0.954508 0.367305 0.054591 0.119015