0 0.05375 0.363529 0.050833 0.162353
0 0.11125 0.356471 0.049167 0.152941
0 0.1675 0.336471 0.048333 0.150588
0 0.22625 0.338824 0.0475 0.145882
0 0.281667 0.327059 0.051667 0.145882
0 0.34 0.309412 0.051667 0.143529
0 0.397083 0.294118 0.044167 0.145882
0 0.445833 0.271765 0.045 0.129412
0 0.557917 0.282353 0.0425 0.150588
0 0.606667 0.262353 0.043333 0.148235
0 0.6575 0.254118 0.043333 0.145882
0 0.711667 0.262353 0.046667 0.148235
0 0.76 0.248235 0.045 0.148235
0 0.808333 0.235294 0.046667 0.145882
0 0.86 0.225882 0.045 0.145882
0 0.915 0.225882 0.041667 0.141176
0 0.093333 0.725882 0.046667 0.162353
0 0.267917 0.705882 0.0575 0.169412
0 0.329583 0.705882 0.039167 0.150588
0 0.53125 0.656471 0.050833 0.127059
0 0.65 0.608235 0.056667 0.167059
0 0.770833 0.624706 0.043333 0.143529
0 0.827083 0.6 0.055833 0.164706
0 0.885417 0.603529 0.0475 0.148235
0 0.942917 0.574118 0.0425 0.155294
0 0.697083 0.852941 0.069167 0.134118