0 0.108758 0.175655 0.075072 0.163328
0 0.108758 0.447612 0.082772 0.130971
0 0.123195 0.753467 0.103946 0.14792
0 0.285371 0.152542 0.07796 0.141757
0 0.36333 0.336672 0.087584 0.134052
0 0.360924 0.473035 0.103946 0.135593
0 0.365255 0.61171 0.081809 0.132512
0 0.37873 0.88906 0.083734 0.132512
0 0.642445 0.20339 0.079885 0.114022
0 0.640038 0.328968 0.078922 0.137134
0 0.663138 0.587827 0.103946 0.155624
0 0.782002 0.115562 0.07411 0.144838
0 0.867661 0.423729 0.104909 0.141757
0 0.877767 0.688752 0.103946 0.132512