0 0.162915 0.098266 0.102894 0.112717
0 0.159164 0.232659 0.106109 0.112717
0 0.155949 0.368497 0.099678 0.112717
0 0.163451 0.5 0.084673 0.080925
0 0.162379 0.638728 0.093248 0.098266
0 0.160236 0.767341 0.101822 0.121387
0 0.158628 0.903179 0.105038 0.118497
0 0.37567 0.072977 0.097535 0.128613
0 0.369775 0.249277 0.090032 0.108382
0 0.367631 0.439306 0.092176 0.106936
0 0.368703 0.595376 0.102894 0.124277
0 0.369239 0.75289 0.101822 0.121387
0 0.374598 0.903902 0.093248 0.117052
0 0.628617 0.071532 0.099678 0.108382
0 0.627546 0.235549 0.093248 0.109827
0 0.62701 0.424855 0.096463 0.121387
0 0.551447 0.61922 0.099678 0.128613
0 0.626474 0.765896 0.101822 0.112717
0 0.629153 0.895231 0.102894 0.108382
0 0.838692 0.231936 0.078242 0.08237