0 0.1 0.880159 0.098039 0.125397
0 0.267157 0.670635 0.077451 0.093651
0 0.289706 0.794444 0.073529 0.090476
0 0.313725 0.926984 0.094118 0.120635
0 0.212255 0.234921 0.081373 0.12381
0 0.493137 0.080952 0.078431 0.133333
0 0.558333 0.254762 0.095098 0.115873
0 0.483333 0.428571 0.082353 0.130159
0 0.798529 0.616667 0.081373 0.115873
0 0.913725 0.51746 0.080392 0.139683
2 0.406863 0.643651 0.054902 0.074603
2 0.422549 0.72619 0.054902 0.065079
2 0.440196 0.806349 0.05098 0.060317
2 0.488235 0.601587 0.062745 0.07619
2 0.512255 0.701587 0.063725 0.079365
2 0.544608 0.553968 0.063725 0.079365
2 0.569608 0.651587 0.064706 0.084127
2 0.631373 0.494444 0.056863 0.065079
2 0.65049 0.57619 0.057843 0.063492
2 0.669118 0.653968 0.055882 0.073016