0 0.050595 0.341176 0.048469 0.145098
0 0.165816 0.336275 0.045918 0.127451
0 0.228316 0.336275 0.068878 0.158824
0 0.301871 0.334314 0.05102 0.119608
0 0.468537 0.296078 0.057823 0.137255
0 0.67602 0.291176 0.059524 0.135294
0 0.893707 0.253922 0.047619 0.123529
0 0.890306 0.07451 0.066327 0.101961
0 0.057398 0.666667 0.053571 0.14902
0 0.245323 0.633333 0.058673 0.145098
0 0.317177 0.626471 0.047619 0.139216
0 0.489796 0.6 0.057823 0.14902
0 0.567602 0.587255 0.058673 0.147059
0 0.650085 0.719608 0.055272 0.129412
0 0.783588 0.779412 0.067177 0.111765
0 0.868622 0.562745 0.056973 0.145098
0 0.937925 0.551961 0.057823 0.158824