0 0.330675 0.094436 0.098499 0.139092
0 0.231238 0.183748 0.085366 0.133236
0 0.150094 0.322108 0.084428 0.137628
0 0.170732 0.591508 0.061914 0.111274
0 0.264071 0.562958 0.087242 0.136164
0 0.366323 0.510249 0.092871 0.14202
0 0.468574 0.468521 0.087242 0.149341
0 0.572702 0.445095 0.087242 0.149341
0 0.690901 0.430454 0.096623 0.149341
0 0.181989 0.870425 0.073171 0.130307
0 0.353659 0.823572 0.061914 0.118594
0 0.461538 0.85798 0.08818 0.158126
0 0.579737 0.853587 0.103189 0.172767
0 0.699812 0.807467 0.091932 0.180088
0 0.807223 0.7694 0.08349 0.139092
0 0.914634 0.740849 0.078799 0.146413