0 0.085076 0.160407 0.075095 0.104851
0 0.106464 0.461659 0.089354 0.143975
0 0.197243 0.479656 0.046578 0.089202
0 0.289924 0.478873 0.085551 0.150235
0 0.378327 0.432707 0.062738 0.079812
0 0.428707 0.294992 0.08365 0.123631
0 0.538973 0.190923 0.08365 0.162754
0 0.628327 0.203443 0.051331 0.112676
0 0.698194 0.211268 0.05038 0.093897
0 0.788498 0.223005 0.069392 0.15493
0 0.86692 0.214397 0.04943 0.106416
0 0.937738 0.225352 0.05038 0.118936
0 0.095057 0.845853 0.076046 0.13928
0 0.180608 0.823161 0.076046 0.147105
0 0.278517 0.832551 0.074144 0.134585
0 0.370247 0.912363 0.052281 0.062598
0 0.686312 0.543818 0.051331 0.092332
0 0.747624 0.550861 0.046578 0.093897
0 0.809886 0.553208 0.041825 0.092332
0 0.868821 0.556338 0.045627 0.082942
0 0.679658 0.859155 0.043726 0.071987
0 0.80038 0.867762 0.04943 0.067293