7 0.409681 0.110561 0.174651 0.151815
7 0.415669 0.181518 0.170659 0.125413
7 0.58982 0.108086 0.131737 0.127063
7 0.449601 0.293729 0.188623 0.158416
7 0.861776 0.096535 0.156687 0.110561
7 0.857285 0.238449 0.175649 0.123762
7 0.838822 0.387789 0.174651 0.128713
7 0.824351 0.535479 0.117764 0.117162
1 0.601796 0.371287 0.045908 0.148515
4 0.10978 0.693894 0.045908 0.087459
4 0.14521 0.676568 0.04491 0.079208
4 0.121756 0.811881 0.0499 0.09571
4 0.155689 0.790429 0.045908 0.09901
4 0.196108 0.770627 0.04491 0.09571
4 0.229042 0.754125 0.04491 0.092409