4 0.101112 0.361854 0.038423 0.124777
4 0.148129 0.375223 0.051567 0.122995
4 0.205763 0.385918 0.055612 0.11943
4 0.252275 0.393048 0.051567 0.122995
4 0.307887 0.400178 0.049545 0.11943
4 0.354398 0.406417 0.053589 0.117647
4 0.412032 0.420677 0.047523 0.117647
4 0.458544 0.428699 0.051567 0.11943
4 0.523256 0.435829 0.049545 0.122995
4 0.573812 0.447415 0.051567 0.121212
4 0.63094 0.455437 0.046512 0.12656
4 0.681496 0.462567 0.048534 0.12656
4 0.73913 0.470588 0.046512 0.131907
4 0.63094 0.677362 0.046512 0.149733
4 0.683013 0.68984 0.047523 0.149733
4 0.744186 0.695187 0.050556 0.149733
4 0.795753 0.705882 0.050556 0.142602