2 0.12934 0.176946 0.046875 0.069016
2 0.1875 0.162996 0.050347 0.073421
2 0.305122 0.259178 0.046007 0.077827
2 0.46441 0.244493 0.041667 0.066079
2 0.46441 0.296623 0.041667 0.061674
2 0.465712 0.35536 0.039062 0.064611
2 0.441406 0.435389 0.047743 0.0837
2 0.44184 0.510279 0.046875 0.080764
2 0.483073 0.436858 0.047743 0.0837
2 0.486111 0.511747 0.046875 0.07489
2 0.527344 0.436858 0.047743 0.080764
2 0.528212 0.511747 0.051215 0.0837
2 0.580729 0.407489 0.032986 0.048458
2 0.609809 0.408223 0.033854 0.052863
2 0.59592 0.4721 0.047743 0.071953
2 0.728299 0.237151 0.052083 0.07489