2 0.185862 0.120122 0.052423 0.076829
2 0.185862 0.205488 0.052423 0.081707
2 0.185862 0.331707 0.052423 0.07561
2 0.185862 0.418902 0.052423 0.084146
2 0.233519 0.115854 0.050834 0.080488
2 0.233519 0.205488 0.050834 0.079268
2 0.233519 0.331707 0.050834 0.07561
2 0.233519 0.418902 0.050834 0.084146
2 0.187053 0.591463 0.046863 0.082927
2 0.187053 0.697561 0.046863 0.085366
2 0.187053 0.826829 0.046863 0.080488
2 0.187053 0.917073 0.046863 0.070732
2 0.23749 0.591463 0.050834 0.082927
2 0.23749 0.697561 0.050834 0.085366
2 0.23749 0.826829 0.050834 0.080488
2 0.23749 0.917073 0.050834 0.070732
2 0.288721 0.591463 0.051628 0.082927
2 0.288721 0.697561 0.051628 0.085366
2 0.288721 0.826829 0.051628 0.080488
2 0.288721 0.917073 0.051628 0.070732
2 0.339952 0.591463 0.050834 0.082927
2 0.339952 0.697561 0.050834 0.085366
2 0.339952 0.826829 0.050834 0.080488
2 0.339952 0.917073 0.050834 0.070732
2 0.449563 0.2 0.054011 0.07561
2 0.449563 0.287805 0.054011 0.07561
2 0.555997 0.116463 0.050834 0.076829
2 0.555997 0.204878 0.050834 0.073171
2 0.555997 0.271951 0.050834 0.07561
2 0.555997 0.344512 0.050834 0.079268
2 0.555997 0.414024 0.050834 0.071951
2 0.607228 0.116463 0.056394 0.076829
2 0.607228 0.204878 0.056394 0.073171
2 0.607228 0.271951 0.056394 0.07561
2 0.607228 0.344512 0.056394 0.079268
2 0.607228 0.414024 0.056394 0.071951
2 0.449563 0.589634 0.050834 0.07439
2 0.449563 0.695732 0.050834 0.079268
2 0.449563 0.827439 0.050834 0.081707
2 0.500794 0.589634 0.048451 0.07439
2 0.500794 0.695732 0.048451 0.079268
2 0.500794 0.827439 0.048451 0.081707
2 0.55282 0.589634 0.050834 0.07439
2 0.55282 0.695732 0.050834 0.079268
2 0.55282 0.827439 0.050834 0.081707
2 0.605242 0.589634 0.050834 0.07439
2 0.605242 0.695732 0.050834 0.079268
2 0.605242 0.827439 0.050834 0.081707
2 0.884829 0.270122 0.047657 0.079268
2 0.934869 0.270122 0.049245 0.079268
2 0.866561 0.592683 0.049245 0.078049
2 0.921366 0.592683 0.049245 0.078049
2 0.864178 0.690854 0.047657 0.07439
2 0.921366 0.690854 0.049245 0.07439
2 0.859412 0.818293 0.050834 0.078049
2 0.922955 0.818293 0.054011 0.078049