2 0.256655 0.232438 0.039931 0.068182
2 0.300347 0.230888 0.041667 0.071281
2 0.366898 0.234504 0.041667 0.072314
2 0.364873 0.305269 0.037616 0.071281
2 0.43287 0.154959 0.045139 0.07438
2 0.429977 0.234504 0.042824 0.072314
2 0.417245 0.308368 0.041667 0.071281
2 0.506366 0.144112 0.047454 0.077479
2 0.507234 0.224174 0.045718 0.07438
2 0.504919 0.305269 0.046875 0.077479
2 0.576968 0.143595 0.045139 0.080579
2 0.576678 0.222624 0.045718 0.077479
2 0.575521 0.307335 0.046875 0.081612
2 0.652488 0.145145 0.046875 0.077479
2 0.653646 0.225723 0.046875 0.077479
2 0.653935 0.307335 0.046296 0.079545
2 0.710359 0.130682 0.037616 0.06095
2 0.712384 0.18905 0.038194 0.061983
2 0.260706 0.580062 0.048032 0.085744
2 0.260995 0.659607 0.048611 0.077479
2 0.315972 0.582645 0.048611 0.080579
2 0.31684 0.658574 0.046875 0.077479
2 0.161748 0.77686 0.051505 0.088843
2 0.16985 0.858471 0.046875 0.086777
2 0.208333 0.77376 0.045139 0.088843
2 0.212095 0.875 0.041088 0.07438
2 0.241319 0.829029 0.038194 0.071281
2 0.287037 0.776343 0.041667 0.071281
2 0.310764 0.830579 0.034722 0.061983
2 0.286748 0.874483 0.045718 0.075413
2 0.369213 0.786157 0.050926 0.082645
2 0.368924 0.866736 0.050347 0.082645
2 0.427083 0.779442 0.045139 0.077479
2 0.424769 0.862603 0.046296 0.080579
2 0.480903 0.815599 0.055556 0.079545
2 0.42853 0.423037 0.046875 0.083678
2 0.428241 0.506198 0.047454 0.080579
2 0.430845 0.58781 0.051505 0.082645
2 0.429977 0.660124 0.043981 0.068182
2 0.507812 0.426653 0.050347 0.078512
2 0.504051 0.507231 0.048611 0.082645
2 0.507523 0.586777 0.045139 0.080579
2 0.50463 0.665289 0.042824 0.070248
2 0.577546 0.42562 0.049769 0.080579
2 0.577257 0.506198 0.046875 0.080579
2 0.663484 0.432851 0.04456 0.078512