1 0.121914 0.211694 0.099794 0.047043
1 0.723251 0.752016 0.037037 0.159946
1 0.894547 0.638441 0.048354 0.129032
2 0.274691 0.572581 0.037037 0.048387
2 0.315329 0.620296 0.046296 0.057796
2 0.308642 0.526882 0.037037 0.051075
2 0.347737 0.575269 0.039095 0.051075
2 0.343107 0.477823 0.038066 0.052419
2 0.38323 0.526882 0.040123 0.048387
2 0.375 0.432124 0.038066 0.052419
2 0.415123 0.480511 0.038066 0.049731
2 0.413066 0.370296 0.031893 0.049731
2 0.444444 0.40793 0.034979 0.047043
2 0.483025 0.363575 0.033951 0.044355
2 0.519033 0.165323 0.027778 0.037634
2 0.618313 0.178091 0.034979 0.052419
2 0.643519 0.145161 0.036008 0.045699
2 0.675412 0.200269 0.033951 0.045699