4 0.235542 0.167504 0.107256 0.067002
4 0.231335 0.248744 0.111462 0.065327
4 0.227655 0.323283 0.112513 0.060302
4 0.221346 0.407035 0.116719 0.067002
4 0.386435 0.160804 0.106204 0.060302
4 0.387487 0.238693 0.112513 0.065327
4 0.388013 0.31407 0.117771 0.068677
4 0.388013 0.396985 0.119874 0.077052
4 0.538906 0.153266 0.11041 0.061977
4 0.543638 0.225293 0.113565 0.061977
4 0.546793 0.30737 0.113565 0.072027
4 0.549422 0.384422 0.114616 0.068677
4 0.689274 0.149079 0.112513 0.063652
4 0.697161 0.221943 0.113565 0.061977
4 0.706099 0.29732 0.118822 0.068677
4 0.71346 0.376047 0.120925 0.075377