2 0.276477 0.307402 0.060081 0.089124
2 0.336049 0.324018 0.059063 0.092145
2 0.393585 0.332326 0.049898 0.07855
2 0.283096 0.391994 0.050916 0.077039
2 0.337067 0.410876 0.050916 0.075529
2 0.39002 0.409366 0.050916 0.075529
2 0.465886 0.468278 0.043788 0.066465
2 0.421079 0.5 0.041752 0.066465
2 0.460285 0.534743 0.040733 0.066465
2 0.724033 0.477341 0.052953 0.081571
2 0.780041 0.468278 0.052953 0.072508
2 0.837576 0.468278 0.056008 0.081571
2 0.792261 0.545317 0.050916 0.072508
2 0.723523 0.574018 0.051935 0.075529