1 0.511699 0.276131 0.044761 0.078003
1 0.599695 0.409516 0.045778 0.076443
1 0.571719 0.546022 0.059003 0.096724
1 0.545778 0.583463 0.066124 0.109204
1 0.468973 0.681747 0.052899 0.090484
2 0.548321 0.134945 0.050865 0.082683
2 0.648525 0.112324 0.055951 0.084243
2 0.630722 0.234789 0.052899 0.079563
2 0.732452 0.160686 0.052899 0.081123
2 0.711597 0.309672 0.053917 0.082683
2 0.825534 0.216849 0.053917 0.084243
2 0.809257 0.337754 0.053917 0.082683
2 0.790437 0.482839 0.052899 0.079563
2 0.914039 0.305772 0.055951 0.081123
2 0.892167 0.449298 0.050865 0.084243
2 0.792981 0.485959 0.053917 0.085803
2 0.863174 0.673167 0.049847 0.079563
2 0.93998 0.697348 0.04883 0.078003
2 0.850458 0.74727 0.04883 0.078003
2 0.927772 0.768331 0.04883 0.076443
2 0.837742 0.830733 0.051882 0.079563
2 0.913021 0.858034 0.047813 0.081123
2 0.442014 0.906396 0.051882 0.081123