1 0.840469 0.401163 0.09684 0.055556
1 0.352701 0.523902 0.028542 0.094315
2 0.172273 0.267442 0.040775 0.05168
2 0.168196 0.310078 0.030581 0.03876
2 0.167176 0.352713 0.030581 0.03876
2 0.214067 0.30491 0.050968 0.069767
2 0.265036 0.306202 0.053007 0.069767
2 0.20999 0.370801 0.053007 0.067183
2 0.261468 0.373385 0.056065 0.069767
2 0.160041 0.434755 0.026504 0.037468
2 0.183996 0.436693 0.027523 0.043928
2 0.206932 0.439276 0.028542 0.041344
2 0.230377 0.440568 0.026504 0.041344
2 0.253823 0.443152 0.026504 0.041344
2 0.278797 0.443798 0.027523 0.04522