4 0.467401 0.912254 0.078414 0.102874
4 0.437004 0.753404 0.072247 0.090772
4 0.598678 0.810136 0.055507 0.07413
4 0.586344 0.310893 0.044934 0.059002
4 0.614097 0.361573 0.044053 0.06354
4 0.570044 0.422088 0.044053 0.066566
4 0.600881 0.465961 0.047577 0.069592
4 0.621586 0.527231 0.046696 0.068079
4 0.521145 0.481846 0.039648 0.062027
4 0.555947 0.531014 0.051101 0.06354
4 0.577533 0.596823 0.048458 0.071104
4 0.6 0.668684 0.049339 0.069592
4 0.50837 0.59531 0.056388 0.07413
4 0.525991 0.673979 0.049339 0.071104
4 0.547137 0.748865 0.047577 0.066566