2 0.320747 0.088 0.033854 0.0544
2 0.367622 0.0912 0.037326 0.0608
2 0.448351 0.0936 0.025174 0.0464
2 0.535156 0.1 0.028646 0.0496
2 0.58724 0.1056 0.030382 0.0544
2 0.639757 0.1336 0.03125 0.0528
2 0.47092 0.144 0.021701 0.0384
2 0.330295 0.1784 0.033854 0.0624
2 0.36849 0.1968 0.03559 0.048
2 0.447917 0.196 0.026042 0.0464
2 0.53559 0.1856 0.026042 0.0448
2 0.58724 0.1896 0.030382 0.0528
2 0.21875 0.388 0.03125 0.0592
2 0.266927 0.3512 0.028646 0.0528
2 0.306424 0.3904 0.03125 0.0544
2 0.380208 0.388 0.03125 0.0528
2 0.426215 0.3856 0.029514 0.0512
2 0.476128 0.3856 0.028646 0.0512
2 0.521701 0.3864 0.029514 0.0496
2 0.575087 0.3904 0.028646 0.0512
2 0.207465 0.4824 0.027778 0.0496
2 0.254774 0.4744 0.025174 0.04
2 0.179688 0.524 0.029514 0.0464
2 0.254774 0.5264 0.023438 0.0416
2 0.301649 0.5064 0.040799 0.0688
2 0.38151 0.4568 0.030382 0.0528
2 0.423611 0.46 0.029514 0.056
2 0.499566 0.4592 0.02691 0.0512
2 0.543837 0.4632 0.02691 0.0496
2 0.621962 0.4216 0.028646 0.0592
2 0.653212 0.4704 0.030382 0.0544
2 0.588542 0.5 0.029514 0.0528
2 0.381944 0.5392 0.027778 0.0512
2 0.424479 0.5384 0.029514 0.0528
2 0.480469 0.5328 0.028646 0.0416
2 0.530382 0.5376 0.036458 0.0512
2 0.137587 0.64 0.023438 0.0416
2 0.171441 0.6384 0.021701 0.0416
2 0.21224 0.6128 0.021701 0.0416
2 0.25434 0.6048 0.024306 0.0416
2 0.290365 0.6048 0.021701 0.0352
2 0.315538 0.6056 0.019965 0.0368
2 0.253906 0.6568 0.023438 0.0432
2 0.291233 0.6536 0.021701 0.0368
2 0.315972 0.6544 0.020833 0.0384
2 0.132378 0.7528 0.021701 0.04
2 0.162326 0.7552 0.022569 0.0448
2 0.193576 0.7536 0.022569 0.0416
2 0.243924 0.76 0.032986 0.0576
2 0.285156 0.7568 0.032118 0.0608
1 0.456163 0.8048 0.077257 0.0288