9 0.176801 0.550147 0.044902 0.058997
9 0.169785 0.134956 0.049579 0.069322
9 0.249766 0.237463 0.031805 0.073746
9 0.270814 0.262537 0.032741 0.073746
9 0.461179 0.262537 0.056127 0.079646
9 0.519645 0.503687 0.03087 0.075221
9 0.567353 0.550147 0.032741 0.073746
9 0.586997 0.574484 0.028999 0.066372
9 0.734799 0.699115 0.028999 0.067847
9 0.772685 0.751475 0.033676 0.075221
9 0.910196 0.910767 0.028064 0.063422
9 0.888681 0.20059 0.031805 0.073746
9 0.938728 0.233038 0.032741 0.070796
9 0.980355 0.279499 0.031805 0.075221
9 0.360617 0.345133 0.027128 0.061947
9 0.441066 0.427729 0.025257 0.053097
9 0.615061 0.575959 0.027128 0.057522
9 0.631431 0.424779 0.04116 0.058997