9 0.924885 0.141443 0.034101 0.079208
9 0.83318 0.410184 0.0553 0.056577
9 0.865899 0.478784 0.050691 0.055163
9 0.734562 0.477369 0.04424 0.049505
9 0.740092 0.56082 0.042396 0.049505
9 0.695392 0.590523 0.041475 0.046676
9 0.590783 0.570014 0.047926 0.053748
9 0.588479 0.662659 0.047005 0.052334
9 0.536406 0.698727 0.047926 0.053748
9 0.288018 0.869873 0.048848 0.050919
9 0.289401 0.778642 0.04424 0.052334
9 0.197696 0.724187 0.035945 0.079208
9 0.16129 0.578501 0.029493 0.079208
9 0.148387 0.399576 0.023963 0.083451
9 0.088018 0.180339 0.026728 0.083451
9 0.063594 0.922207 0.051613 0.031117
9 0.118433 0.897454 0.041475 0.032532
9 0.390783 0.705092 0.046083 0.03819
9 0.545161 0.601132 0.043318 0.033946
9 0.901843 0.362801 0.047005 0.041018
9 0.099078 0.437765 0.023041 0.066478