9 0.611524 0.851275 0.046468 0.056657
9 0.781599 0.50779 0.050186 0.052408
9 0.862454 0.359065 0.022305 0.075071
9 0.888941 0.328612 0.025093 0.073654
9 0.91868 0.288952 0.025093 0.082153
9 0.895446 0.119688 0.039963 0.077904
9 0.842472 0.214589 0.051115 0.038244
9 0.677974 0.454674 0.056691 0.036827
9 0.623606 0.53187 0.053903 0.038244
9 0.593866 0.566572 0.048327 0.036827
9 0.648234 0.181303 0.036245 0.070822
9 0.627788 0.204674 0.038104 0.066572
9 0.582714 0.247875 0.039033 0.070822
9 0.56552 0.271955 0.032528 0.065156
9 0.544145 0.292493 0.038104 0.069405
9 0.525093 0.315864 0.039033 0.073654
9 0.505576 0.344901 0.037175 0.063739
9 0.483736 0.444051 0.041822 0.060907
9 0.489777 0.477337 0.039033 0.053824
9 0.509758 0.507082 0.039963 0.056657
9 0.531134 0.550992 0.025093 0.076487
9 0.559944 0.53966 0.021375 0.062323
9 0.580855 0.502125 0.024164 0.077904
9 0.487454 0.590652 0.04368 0.062323
9 0.467937 0.548867 0.039963 0.055241
9 0.447491 0.528329 0.047398 0.067989
9 0.429833 0.498584 0.045539 0.065156
9 0.414498 0.467422 0.052045 0.062323
9 0.401487 0.430595 0.048327 0.053824
9 0.391729 0.389518 0.04368 0.053824
9 0.383829 0.344901 0.040892 0.041076
9 0.372677 0.305241 0.050186 0.046742
9 0.354089 0.497875 0.053903 0.046742
9 0.344796 0.561615 0.039033 0.052408
9 0.397305 0.617564 0.060409 0.076487
9 0.430297 0.322238 0.039033 0.066572
9 0.453996 0.295326 0.038104 0.066572
9 0.496283 0.253541 0.033457 0.062323
9 0.51487 0.231586 0.033457 0.060907
9 0.532528 0.205382 0.037175 0.076487
9 0.554833 0.188385 0.037175 0.067989
9 0.574814 0.161473 0.038104 0.076487
9 0.527881 0.107649 0.039033 0.073654
9 0.48513 0.160765 0.031599 0.060907
9 0.461896 0.179887 0.033457 0.062323
9 0.41868 0.220255 0.036245 0.069405
9 0.394981 0.240793 0.039033 0.076487
9 0.130112 0.592068 0.026022 0.087819
9 0.201673 0.619688 0.027881 0.060907
9 0.45539 0.680595 0.046468 0.069405
9 0.512082 0.645892 0.048327 0.031161
9 0.559944 0.645184 0.045539 0.029745
9 0.584108 0.608357 0.04368 0.029745
9 0.480483 0.963881 0.040892 0.063739
9 0.606877 0.475921 0.024164 0.056657
9 0.637082 0.441218 0.023234 0.060907
9 0.653346 0.496459 0.050186 0.035411
9 0.688197 0.354816 0.023234 0.063739
9 0.703996 0.417847 0.051115 0.031161
9 0.546468 0.081445 0.037175 0.055241
9 0.572491 0.067989 0.031599 0.056657
9 0.597584 0.135269 0.033457 0.058074
9 0.866636 0.177054 0.047398 0.03966
9 0.80948 0.252833 0.052045 0.035411
9 0.754647 0.906516 0.040892 0.076487
9 0.462825 0.38881 0.042751 0.060907
9 0.486059 0.367564 0.035316 0.055241