9 0.335222 0.356938 0.033994 0.064378
9 0.383381 0.223176 0.033994 0.071531
9 0.26865 0.829757 0.044381 0.054363
9 0.750708 0.865522 0.047214 0.057225
9 0.803588 0.896996 0.049103 0.04578
9 0.593957 0.113019 0.045326 0.040057
9 0.580264 0.186695 0.036827 0.038627
9 0.551464 0.2103 0.041549 0.042918
9 0.538716 0.239628 0.036827 0.038627
9 0.530217 0.273247 0.040604 0.04578
9 0.51322 0.306152 0.04627 0.051502
9 0.501889 0.341202 0.038716 0.04721
9 0.490085 0.378398 0.03966 0.04721
9 0.480642 0.409871 0.037771 0.04721
9 0.524551 0.43133 0.04627 0.052933
9 0.516525 0.467811 0.03966 0.04578
9 0.460812 0.473534 0.041549 0.051502
9 0.502361 0.502861 0.043437 0.052933
9 0.291785 0.471388 0.037771 0.067239
9 0.175637 0.774678 0.030217 0.061516
9 0.838527 0.762518 0.050992 0.048641