9 0.881244 0.693182 0.050895 0.053977
9 0.392554 0.875 0.031103 0.068182
9 0.438737 0.747159 0.029218 0.068182
9 0.553723 0.455256 0.053723 0.055398
9 0.634307 0.424716 0.028275 0.079545
9 0.428841 0.274148 0.03393 0.073864
9 0.28558 0.216619 0.043355 0.055398
9 0.673893 0.067472 0.032045 0.055398
9 0.69557 0.078125 0.032045 0.053977
9 0.732799 0.102983 0.031103 0.066761
9 0.781338 0.142756 0.03393 0.080966
9 0.882187 0.22017 0.03016 0.071023
9 0.908106 0.231534 0.032988 0.079545
9 0.932139 0.257102 0.028275 0.073864
9 0.955702 0.278409 0.03016 0.065341
9 0.12394 0.046165 0.044298 0.069602
9 0.151272 0.330966 0.040528 0.065341
9 0.498586 0.411932 0.0377 0.051136
9 0.685203 0.754261 0.03393 0.073864
9 0.709708 0.78054 0.0377 0.080966
9 0.824222 0.642756 0.042413 0.049716
9 0.757776 0.112926 0.039585 0.083807
9 0.468426 0.674006 0.04147 0.080966