1 0.068127 0.844086 0.035685 0.09319
1 0.104623 0.561828 0.058394 0.116487
1 0.236415 0.637097 0.041363 0.094982
1 0.298865 0.229391 0.038118 0.114695
1 0.447283 0.076165 0.046229 0.062724
1 0.541768 0.327061 0.037307 0.116487
1 0.569343 0.490143 0.061638 0.091398
1 0.440795 0.764337 0.067315 0.055556
1 0.673966 0.136201 0.045418 0.057348
1 0.734388 0.193548 0.046229 0.053763
1 0.761963 0.468638 0.049473 0.048387
1 0.714923 0.821685 0.055961 0.120072
1 0.829278 0.155018 0.03974 0.05914
1 0.882806 0.305556 0.038118 0.044803
1 0.936334 0.261649 0.033252 0.0681