7 0.076845 0.256349 0.050556 0.242857
7 0.162285 0.238095 0.067745 0.225397
7 0.313953 0.219841 0.150657 0.21746
7 0.43731 0.169048 0.18908 0.233333
7 0.206269 0.610317 0.268959 0.1
7 0.124874 0.797619 0.061678 0.144444
7 0.219414 0.809524 0.068756 0.190476
7 0.314965 0.820635 0.07179 0.234921
7 0.391304 0.540476 0.060667 0.207937
7 0.502022 0.346825 0.067745 0.125397
7 0.592518 0.338889 0.072801 0.157143
7 0.67998 0.359524 0.067745 0.201587
7 0.755308 0.387302 0.056623 0.219048
7 0.828109 0.410317 0.058645 0.220635
7 0.904954 0.47381 0.086957 0.214286
7 0.898382 0.653175 0.114257 0.080952
7 0.900404 0.780159 0.124368 0.090476
7 0.876138 0.880952 0.178969 0.114286